100 57 
101 57 
1015 58 
102 58 
1028 34 
1034 57 
1037 57 
104 57 
1041 57 
1042 57 
1046 57 
1048 54 
1051 57 
1056 57 
1057 57 
1060 52 
1062 58 
1070 58 
1071 36 
1074 58 
1077 57 
1081 57 
1084 57 
1088 57 
1089 57 
109 57 
1090 53 
1093 58 
1095 32 
1099 39 
1121 50 
1125 57 
1127 57 
1128 57 
1133 57 
1137 57 
1138 50 
1142 57 
1146 57 
1148 41 
1153 57 
1154 52 
1158 43 
116 57 
1160 50 
1162 53 
1165 57 
1167 57 
1171 47 
1173 53 
1187 48 
1188 57 
1189 38 
1191 57 
1198 57 
1202 58 
1203 58 
1207 38 
1208 58 
1215 57 
1217 42 
1223 57 
1226 57 
1227 57 
1229 57 
1234 58 
1235 57 
1240 57 
1243 31 
1247 57 
1251 58 
1256 57 
1267 57 
1270 58 
1271 57 
1273 57 
1278 57 
128 57 
1281 58 
1289 57 
1306 58 
1307 58 
1308 58 
1315 57 
1318 57 
1319 48 
1321 57 
1332 57 
1333 58 
1334 33 
1340 57 
136 57 
1360 57 
1361 35 
1364 57 
1369 35 
1372 57 
1375 58 
1378 46 
138 58 
1387 57 
1390 57 
1391 57 
1399 40 
1400 45 
141 58 
1411 58 
1412 57 
1417 57 
1419 57 
1426 57 
1430 57 
1431 57 
1435 57 
1439 35 
144 58 
1442 58 
1443 57 
1445 54 
146 57 
1462 34 
1480 41 
1497 48 
1498 57 
150 32 
1513 57 
1514 45 
1551 39 
1554 43 
1555 56 
1560 57 
1562 43 
1565 48 
158 58 
1587 57 
1609 57 
1610 58 
1614 57 
1623 33 
1631 38 
1632 58 
164 58 
165 36 
1650 51 
1661 48 
1667 32 
167 57 
1671 57 
1679 35 
1687 53 
1690 57 
170 57 
172 40 
174 58 
1784 57 
1788 57 
1797 58 
180 57 
1802 31 
181 57 
182 57 
183 58 
184 58 
185 58 
186 58 
1865 38 
1868 57 
1874 50 
1887 35 
189 57 
191 58 
1910 34 
1920 57 
1921 39 
1925 57 
193 57 
1938 56 
194 57 
196 57 
1960 35 
1967 57 
197 58 
1970 57 
198 57 
200 57 
203 57 
204 58 
207 57 
209 58 
212 39 
213 57 
216 58 
217 57 
221 58 
225 57 
226 57 
228 57 
229 57 
232 55 
233 57 
234 35 
235 57 
236 57 
237 57 
242 57 
243 57 
245 57 
246 58 
249 58 
253 57 
258 41 
259 57 
260 57 
265 58 
267 57 
268 58 
27 57 
270 57 
272 57 
275 39 
278 58 
280 57 
282 58 
285 57 
286 58 
287 57 
288 57 
289 58 
29 57 
293 40 
296 57 
297 45 
299 57 
30 57 
300 31 
302 57 
305 57 
306 58 
309 57 
31 57 
312 57 
313 57 
315 57 
316 57 
317 57 
32 58 
320 57 
321 57 
322 57 
323 57 
326 58 
328 58 
33 57 
330 57 
332 57 
338 57 
339 57 
34 57 
340 36 
347 36 
348 57 
35 57 
351 58 
353 36 
355 57 
357 57 
358 57 
36 57 
366 57 
368 57 
37 57 
371 57 
374 57 
375 57 
377 57 
379 57 
38 57 
381 58 
386 58 
388 57 
389 57 
39 57 
390 58 
394 57 
396 58 
399 58 
40 57 
400 57 
401 57 
406 57 
407 58 
41 57 
412 57 
415 57 
416 58 
418 57 
419 57 
42 58 
43 57 
432 57 
433 57 
436 57 
437 57 
44 51 
446 57 
448 57 
45 57 
454 57 
456 55 
458 57 
459 57 
460 57 
463 57 
467 42 
469 57 
470 57 
472 58 
473 57 
474 57 
476 57 
484 58 
485 57 
488 57 
50 43 
504 57 
51 57 
515 57 
516 57 
52 51 
523 57 
527 57 
528 57 
53 57 
531 53 
532 57 
533 57 
534 57 
536 58 
537 57 
539 53 
54 57 
544 57 
546 32 
547 57 
549 57 
551 57 
554 57 
555 57 
556 58 
56 54 
573 41 
578 57 
579 57 
58 39 
581 57 
582 41 
586 36 
590 57 
593 57 
594 57 
595 58 
596 57 
600 40 
604 57 
605 57 
607 57 
609 57 
611 57 
615 57 
619 58 
62 57 
621 57 
622 57 
623 57 
625 57 
630 57 
632 57 
638 57 
64 58 
642 37 
646 57 
647 58 
651 57 
652 57 
654 57 
655 57 
656 58 
657 57 
659 57 
661 57 
662 58 
668 58 
67 57 
675 57 
677 45 
678 57 
679 58 
680 58 
682 57 
690 46 
695 58 
700 57 
703 57 
707 57 
708 57 
71 57 
711 57 
717 58 
721 57 
722 57 
723 57 
724 57 
725 57 
728 57 
731 57 
732 57 
733 57 
737 58 
74 57 
740 57 
741 57 
746 48 
748 57 
749 56 
750 49 
752 44 
753 58 
757 58 
758 57 
761 57 
762 57 
763 57 
77 46 
772 58 
775 57 
777 57 
779 57 
781 58 
783 57 
785 57 
790 57 
791 36 
799 57 
808 58 
811 40 
812 57 
813 57 
815 57 
819 58 
823 57 
831 57 
835 58 
836 36 
84 57 
845 57 
848 57 
857 57 
858 35 
859 57 
86 57 
860 53 
865 58 
867 58 
868 58 
87 58 
870 57 
871 57 
873 57 
874 57 
875 53 
88 57 
880 57 
892 57 
893 57 
90 49 
900 58 
920 57 
925 57 
926 57 
93 57 
938 36 
939 57 
941 58 
944 57 
946 58 
947 58 
95 57 
952 57 
955 58 
962 33 
970 58 
972 36 
973 58 
975 57 
977 57 
978 57 
98 57 
980 57 
981 37 
983 57 
984 44 
987 57 
99 57 
992 57 
994 57 
995 58 
