100 54
1004 16
101 59
1015 62
102 72
1028 28
1034 64
1035 15
1037 76
104 71
1041 71
1042 77
1043 39
1046 58
1048 60
1051 72
1056 70
1057 53
1060 64
1062 74
1064 30
1070 54
1071 26
1074 66
1077 76
1081 74
1084 69
1088 67
1089 71
109 55
1090 51
1093 59
1095 30
1099 48
1121 40
1125 65
1126 16
1127 66
1128 81
1133 68
1137 58
1138 51
114 16
1142 72
1146 85
1148 47
1150 27
1153 73
1154 48
1156 15
1158 46
1159 24
116 55
1160 62
1162 60
1165 81
1167 75
1171 47
1173 61
1177 24
1187 55
1188 74
1189 42
1191 65
1198 76
1202 59
1203 79
1207 39
1208 66
1209 13
1215 71
1217 52
1223 73
1226 71
1227 90
1229 60
1234 83
1235 57
1238 22
1239 14
1240 72
1243 40
1247 66
1251 81
1256 76
126 16
1267 67
1270 84
1271 74
1272 18
1273 75
1278 78
1279 17
128 73
1280 16
1281 81
1282 17
1289 77
1291 28
1306 67
1307 46
1308 69
1310 19
1311 21
1315 73
1318 82
1319 47
1321 74
1332 77
1333 75
1334 35
1340 73
1344 21
1346 22
1355 16
136 56
1360 79
1361 42
1364 71
1369 43
137 13
1372 55
1375 80
1378 56
138 71
1383 26
1387 79
1390 78
1391 79
1399 51
1400 44
141 55
1411 73
1412 81
1413 20
1417 82
1419 71
1426 77
1429 30
1430 80
1431 56
1432 27
1435 58
1438 19
1439 36
144 72
1442 72
1443 76
1445 64
1454 22
146 68
1460 31
1462 40
1468 20
1476 23
1480 48
1497 38
1498 71
150 31
1510 20
1513 75
1514 40
1531 16
1551 40
1554 49
1555 65
1560 61
1562 62
1565 44
1577 22
158 64
1587 71
1590 21
1592 23
1598 15
1606 21
1609 76
1610 67
1614 75
1623 26
1631 40
1632 68
164 66
1650 49
1661 54
1667 34
167 68
1671 62
1679 34
168 25
1684 16
1687 57
1690 78
1696 40
170 68
172 14
1726 16
174 76
1784 80
1787 19
1788 60
1789 11
1797 71
180 73
1800 18
1802 43
181 65
1810 22
182 72
1825 23
183 70
184 71
185 70
1854 8
186 69
1861 27
1865 26
1868 63
1871 5
1874 55
1887 38
189 70
190 25
191 55
1910 33
1920 94
1921 34
1925 75
193 74
1938 53
194 69
196 45
1960 39
1963 16
1967 69
197 65
1970 79
198 74
200 59
201 15
203 63
204 69
207 59
209 69
212 48
213 73
216 63
217 67
221 61
225 68
226 64
228 61
229 67
232 49
233 70
234 43
235 69
236 65
237 56
241 29
242 51
243 62
245 70
246 68
249 63
253 78
256 33
258 34
259 71
260 63
261 16
262 23
265 65
267 66
268 65
27 65
270 64
272 82
275 16
278 59
280 77
282 40
284 18
285 58
286 59
287 74
288 76
289 64
29 63
293 28
296 69
299 70
30 73
300 40
302 59
305 72
306 63
309 74
31 68
312 68
313 64
315 70
316 67
317 68
32 61
320 69
321 67
322 55
323 73
326 69
328 52
33 67
330 67
332 76
338 65
339 80
34 70
340 42
347 29
348 42
35 74
351 60
353 36
355 75
357 75
358 55
36 68
366 65
368 62
37 55
370 18
371 67
374 25
375 41
377 65
379 58
38 65
381 67
384 18
386 67
388 58
389 82
39 49
390 75
391 23
394 47
396 68
399 55
40 56
400 75
401 60
406 52
407 74
41 63
412 69
415 73
416 46
418 68
419 71
42 69
420 18
43 69
432 55
433 17
436 64
437 68
44 37
446 49
448 36
45 60
454 66
456 23
458 60
459 59
460 75
463 75
467 30
469 60
470 72
472 65
473 66
474 69
476 74
480 21
484 47
485 49
488 69
49 20
50 38
504 64
51 63
515 61
516 76
52 45
523 73
527 63
528 62
53 47
531 19
532 69
533 68
534 76
536 70
537 53
539 53
54 69
544 64
547 57
549 44
551 69
554 83
555 49
556 57
56 33
560 18
569 16
57 14
573 30
578 72
579 50
58 37
580 30
581 68
582 50
584 31
586 36
589 21
590 68
593 62
594 76
595 66
596 64
600 35
604 69
605 25
607 64
609 47
611 67
615 54
616 11
619 51
62 66
621 59
622 49
623 48
625 77
630 70
632 80
633 19
636 31
638 61
64 65
641 18
642 39
646 71
647 69
65 25
651 74
652 65
654 47
655 58
656 62
657 104
659 69
661 41
662 61
668 69
669 12
67 51
672 15
675 55
677 47
678 52
679 74
680 74
682 66
686 21
690 48
695 68
696 16
700 43
703 65
707 74
708 71
71 69
711 71
717 63
718 15
721 76
722 82
723 83
724 38
725 62
728 50
731 67
732 60
733 70
737 67
74 46
740 72
741 67
743 18
746 49
748 67
749 18
750 49
752 24
753 53
757 67
758 57
761 60
762 64
763 69
77 32
771 21
772 44
775 69
777 67
779 69
781 57
783 72
785 63
790 74
791 30
794 20
797 20
799 68
80 32
808 67
811 40
812 82
813 77
815 62
819 75
823 66
829 27
831 73
834 12
835 74
836 31
84 64
845 79
848 61
849 16
85 15
857 74
858 37
859 74
86 60
860 54
861 36
865 62
867 72
868 68
87 72
870 70
871 67
873 78
874 75
875 61
88 54
880 66
892 74
893 76
895 23
90 59
900 66
904 22
912 18
920 64
925 62
926 59
93 57
938 45
939 79
94 32
941 72
944 79
946 76
947 74
95 77
952 83
955 42
962 40
970 71
972 50
973 72
975 75
976 29
977 83
978 57
979 30
98 65
980 67
981 28
983 66
984 41
987 71
99 24
991 35
992 74
994 69
995 64
997 24
