100 84 
1004 29 
101 86 
1015 108 
102 100 
1028 34 
1034 95 
1035 21 
1037 89 
104 94 
1041 87 
1042 112 
1043 46 
1046 74 
1048 64 
1051 107 
1056 99 
1057 59 
1060 75 
1062 78 
1064 38 
1070 61 
1071 29 
1074 82 
1077 90 
1081 80 
1084 101 
1088 93 
1089 83 
109 97 
1090 79 
1093 65 
1095 32 
1099 62 
1121 52 
1125 92 
1126 25 
1127 106 
1128 87 
1133 97 
1137 62 
1138 62 
114 17 
1142 89 
1146 111 
1148 56 
1150 39 
1153 99 
1154 61 
1156 16 
1158 63 
1159 39 
116 96 
1160 78 
1162 69 
1165 96 
1167 85 
1171 78 
1173 74 
1177 35 
1187 66 
1188 82 
1189 56 
1191 88 
1198 88 
1202 71 
1203 88 
1207 53 
1208 86 
1209 20 
1215 94 
1217 58 
1223 86 
1226 92 
1227 99 
1229 85 
1234 90 
1235 68 
1238 29 
1239 17 
1240 84 
1243 41 
1247 80 
1251 93 
1256 81 
126 16 
1267 103 
1270 89 
1271 86 
1272 21 
1273 88 
1278 90 
1279 20 
128 94 
1280 17 
1281 89 
1282 20 
1289 87 
1291 36 
1306 72 
1307 54 
1308 75 
1310 23 
1311 27 
1315 91 
1318 91 
1319 69 
1321 92 
1332 86 
1333 89 
1334 52 
1340 87 
1344 25 
1346 26 
1355 18 
136 83 
1360 84 
1361 58 
1364 94 
1369 54 
137 13 
1372 79 
1375 83 
1378 71 
138 76 
1383 27 
1387 79 
1390 100 
1391 91 
1399 61 
1400 48 
141 83 
1411 82 
1412 87 
1413 20 
1417 93 
1419 85 
1426 97 
1429 35 
1430 88 
1431 70 
1432 35 
1435 85 
1438 21 
1439 51 
144 88 
1442 81 
1443 83 
1445 66 
1454 23 
146 77 
1460 40 
1462 51 
1468 27 
1476 30 
1480 55 
1497 44 
1498 83 
150 38 
1510 21 
1513 83 
1514 64 
1531 22 
1551 43 
1554 53 
1555 85 
1560 88 
1562 68 
1565 56 
1577 28 
158 85 
1587 88 
1590 26 
1592 23 
1598 20 
1606 21 
1609 88 
1610 78 
1614 87 
1623 35 
1631 52 
1632 80 
164 82 
1650 67 
1661 75 
1667 43 
167 87 
1671 79 
1679 43 
168 38 
1684 18 
1687 76 
1690 103 
1696 41 
170 88 
172 19 
1726 23 
174 81 
1784 94 
1787 22 
1788 87 
1789 23 
1797 80 
180 88 
1800 32 
1802 51 
181 92 
1810 25 
182 80 
1825 24 
183 79 
184 75 
185 80 
1854 21 
186 76 
1861 36 
1865 56 
1868 90 
1871 32 
1874 80 
1887 56 
189 86 
190 30 
191 82 
1910 54 
1920 99 
1921 39 
1925 79 
193 83 
1938 67 
194 72 
196 61 
1960 51 
1963 25 
1967 95 
197 71 
1970 98 
198 96 
200 86 
201 17 
203 80 
204 101 
207 80 
209 90 
212 55 
213 77 
216 90 
217 84 
221 89 
225 87 
226 86 
228 90 
229 88 
232 68 
233 90 
234 44 
235 81 
236 93 
237 66 
241 30 
242 74 
243 89 
245 79 
246 86 
249 87 
253 97 
256 35 
258 42 
259 95 
260 85 
261 18 
262 26 
265 80 
267 85 
268 84 
27 86 
270 85 
272 96 
275 31 
278 86 
280 99 
282 83 
284 19 
285 71 
286 87 
287 94 
288 96 
289 79 
29 90 
293 45 
296 92 
299 95 
30 89 
300 46 
302 85 
305 94 
306 99 
309 86 
31 88 
312 83 
313 84 
315 102 
316 100 
317 83 
32 82 
320 91 
321 91 
322 86 
323 91 
326 74 
328 90 
33 79 
330 88 
332 90 
338 86 
339 93 
34 78 
340 55 
347 53 
348 93 
35 76 
351 82 
353 39 
355 87 
357 93 
358 91 
36 85 
366 81 
368 88 
37 88 
370 18 
371 86 
374 61 
375 51 
377 101 
379 94 
38 76 
381 75 
384 19 
386 88 
388 88 
389 99 
39 63 
390 87 
391 27 
394 58 
396 80 
399 67 
40 81 
400 84 
401 96 
406 76 
407 89 
41 93 
412 88 
415 94 
416 93 
418 77 
419 93 
42 80 
420 19 
43 88 
432 72 
433 63 
436 82 
437 82 
44 48 
446 89 
448 44 
45 79 
454 89 
456 45 
458 66 
459 82 
460 80 
463 88 
467 39 
469 82 
470 81 
472 84 
473 91 
474 84 
476 80 
480 22 
484 85 
485 93 
488 86 
49 22 
50 53 
504 87 
51 83 
515 84 
516 86 
52 55 
523 84 
527 86 
528 79 
53 105 
531 38 
532 83 
533 74 
534 97 
536 84 
537 88 
539 61 
54 98 
544 88 
547 85 
549 78 
551 91 
554 93 
555 65 
556 85 
56 47 
560 18 
569 16 
57 15 
573 37 
578 87 
579 77 
58 43 
580 35 
581 84 
582 56 
584 31 
586 41 
589 24 
590 86 
593 90 
594 83 
595 82 
596 99 
600 44 
604 101 
605 27 
607 88 
609 67 
611 102 
615 104 
616 14 
619 90 
62 86 
621 78 
622 87 
623 90 
625 91 
630 85 
632 90 
633 22 
636 34 
638 92 
64 81 
641 22 
642 45 
646 90 
647 85 
65 27 
651 92 
652 87 
654 88 
655 75 
656 90 
657 110 
659 91 
661 77 
662 84 
668 74 
669 20 
67 88 
672 15 
675 84 
677 53 
678 83 
679 77 
680 86 
682 81 
686 22 
690 55 
695 79 
696 16 
700 52 
703 85 
707 97 
708 93 
71 86 
711 83 
717 102 
718 19 
721 87 
722 85 
723 100 
724 43 
725 76 
728 71 
731 90 
732 83 
733 91 
737 86 
74 90 
740 88 
741 74 
743 20 
746 59 
748 91 
749 19 
750 60 
752 27 
753 88 
757 73 
758 84 
761 83 
762 80 
763 87 
77 43 
771 25 
772 90 
775 78 
777 83 
779 93 
781 73 
783 87 
785 86 
790 90 
791 35 
794 25 
797 24 
799 88 
80 40 
808 88 
811 61 
812 98 
813 88 
815 103 
819 78 
823 87 
829 36 
831 86 
834 19 
835 84 
836 32 
84 84 
845 95 
848 96 
849 16 
85 21 
857 104 
858 41 
859 93 
86 85 
860 80 
861 44 
865 82 
867 82 
868 80 
87 96 
870 81 
871 86 
873 87 
874 86 
875 83 
88 65 
880 89 
892 81 
893 87 
895 24 
90 73 
900 87 
904 23 
912 21 
920 104 
925 79 
926 98 
93 86 
938 51 
939 95 
94 37 
941 99 
944 97 
946 108 
947 79 
95 94 
952 84 
955 54 
962 51 
970 81 
972 55 
973 76 
975 80 
976 42 
977 95 
978 87 
979 33 
98 81 
980 93 
981 56 
983 97 
984 54 
987 95 
99 32 
991 41 
992 107 
994 78 
995 83 
997 26 
